0.000000000000000000e+00
1.666666666666666644e-02
3.333333333333333287e-02
5.000000000000000278e-02
6.666666666666666574e-02
8.333333333333332871e-02
1.000000000000000056e-01
1.166666666666666685e-01
1.333333333333333315e-01
1.499999999999999944e-01
1.666666666666666574e-01
1.833333333333333204e-01
2.000000000000000111e-01
2.166666666666666741e-01
2.333333333333333370e-01
2.500000000000000000e-01
2.666666666666666630e-01
2.833333333333333259e-01
2.999999999999999889e-01
3.166666666666666519e-01
3.333333333333333148e-01
3.499999999999999778e-01
3.666666666666666408e-01
3.833333333333333037e-01
4.000000000000000222e-01
4.166666666666666852e-01
4.333333333333333481e-01
4.500000000000000111e-01
4.666666666666666741e-01
4.833333333333333370e-01
5.000000000000000000e-01
5.166666666666666075e-01
5.333333333333333259e-01
5.500000000000000444e-01
5.666666666666666519e-01
5.833333333333333703e-01
5.999999999999999778e-01
6.166666666666666963e-01
6.333333333333333037e-01
6.500000000000000222e-01
6.666666666666666297e-01
6.833333333333333481e-01
6.999999999999999556e-01
7.166666666666666741e-01
7.333333333333332815e-01
7.500000000000000000e-01
7.666666666666666075e-01
7.833333333333333259e-01
8.000000000000000444e-01
8.166666666666666519e-01
8.333333333333333703e-01
8.499999999999999778e-01
8.666666666666666963e-01
8.833333333333333037e-01
9.000000000000000222e-01
9.166666666666666297e-01
9.333333333333333481e-01
9.499999999999999556e-01
9.666666666666666741e-01
9.833333333333332815e-01
1.000000000000000000e+00
1.016666666666666607e+00
1.033333333333333215e+00
1.050000000000000044e+00
1.066666666666666652e+00
1.083333333333333259e+00
1.100000000000000089e+00
1.116666666666666696e+00
1.133333333333333304e+00
1.149999999999999911e+00
1.166666666666666741e+00
1.183333333333333348e+00
1.199999999999999956e+00
1.216666666666666563e+00
1.233333333333333393e+00
1.250000000000000000e+00
1.266666666666666607e+00
1.283333333333333215e+00
1.300000000000000044e+00
1.316666666666666652e+00
1.333333333333333259e+00
1.350000000000000089e+00
1.366666666666666696e+00
1.383333333333333304e+00
1.399999999999999911e+00
1.416666666666666741e+00
1.433333333333333348e+00
1.449999999999999956e+00
1.466666666666666563e+00
1.483333333333333393e+00
1.500000000000000000e+00
1.516666666666666607e+00
1.533333333333333215e+00
1.550000000000000044e+00
1.566666666666666652e+00
1.583333333333333259e+00
1.600000000000000089e+00
1.616666666666666696e+00
1.633333333333333304e+00
1.649999999999999911e+00
1.666666666666666741e+00
1.683333333333333348e+00
1.699999999999999956e+00
1.716666666666666563e+00
1.733333333333333393e+00
1.750000000000000000e+00
1.766666666666666607e+00
1.783333333333333215e+00
1.800000000000000044e+00
1.816666666666666652e+00
1.833333333333333259e+00
1.849999999999999867e+00
1.866666666666666696e+00
1.883333333333333304e+00
1.899999999999999911e+00
1.916666666666666741e+00
1.933333333333333348e+00
1.949999999999999956e+00
1.966666666666666563e+00
1.983333333333333393e+00
2.000000000000000000e+00
2.016666666666666607e+00
2.033333333333333215e+00
2.049999999999999822e+00
2.066666666666666430e+00
2.083333333333333481e+00
2.100000000000000089e+00
2.116666666666666696e+00
2.133333333333333304e+00
2.149999999999999911e+00
2.166666666666666519e+00
2.183333333333333126e+00
2.200000000000000178e+00
2.216666666666666785e+00
2.233333333333333393e+00
2.250000000000000000e+00
2.266666666666666607e+00
2.283333333333333215e+00
2.299999999999999822e+00
2.316666666666666430e+00
2.333333333333333481e+00
2.350000000000000089e+00
2.366666666666666696e+00
2.383333333333333304e+00
2.399999999999999911e+00
2.416666666666666519e+00
2.433333333333333126e+00
2.450000000000000178e+00
2.466666666666666785e+00
2.483333333333333393e+00
2.500000000000000000e+00
2.516666666666666607e+00
2.533333333333333215e+00
2.549999999999999822e+00
2.566666666666666430e+00
2.583333333333333481e+00
2.600000000000000089e+00
2.616666666666666696e+00
2.633333333333333304e+00
2.649999999999999911e+00
2.666666666666666519e+00
2.683333333333333126e+00
2.700000000000000178e+00
2.716666666666666785e+00
2.733333333333333393e+00
2.750000000000000000e+00
2.766666666666666607e+00
2.783333333333333215e+00
2.799999999999999822e+00
2.816666666666666430e+00
2.833333333333333481e+00
2.850000000000000089e+00
2.866666666666666696e+00
2.883333333333333304e+00
2.899999999999999911e+00
2.916666666666666519e+00
2.933333333333333126e+00
2.950000000000000178e+00
2.966666666666666785e+00
2.983333333333333393e+00
3.000000000000000000e+00
3.016666666666666607e+00
3.033333333333333215e+00
3.049999999999999822e+00
3.066666666666666430e+00
3.083333333333333481e+00
3.100000000000000089e+00
3.116666666666666696e+00
3.133333333333333304e+00
3.149999999999999911e+00
3.166666666666666519e+00
3.183333333333333126e+00
3.200000000000000178e+00
3.216666666666666785e+00
3.233333333333333393e+00
3.250000000000000000e+00
3.266666666666666607e+00
3.283333333333333215e+00
3.299999999999999822e+00
3.316666666666666430e+00
3.333333333333333481e+00
3.350000000000000089e+00
3.366666666666666696e+00
3.383333333333333304e+00
3.399999999999999911e+00
3.416666666666666519e+00
3.433333333333333126e+00
3.449999999999999734e+00
3.466666666666666785e+00
3.483333333333333393e+00
3.500000000000000000e+00
3.516666666666666607e+00
3.533333333333333215e+00
3.549999999999999822e+00
3.566666666666666430e+00
3.583333333333333481e+00
3.600000000000000089e+00
3.616666666666666696e+00
3.633333333333333304e+00
3.649999999999999911e+00
3.666666666666666519e+00
3.683333333333333126e+00
3.699999999999999734e+00
3.716666666666666785e+00
3.733333333333333393e+00
3.750000000000000000e+00
3.766666666666666607e+00
3.783333333333333215e+00
3.799999999999999822e+00
3.816666666666666430e+00
3.833333333333333481e+00
3.850000000000000089e+00
3.866666666666666696e+00
3.883333333333333304e+00
3.899999999999999911e+00
3.916666666666666519e+00
3.933333333333333126e+00
3.949999999999999734e+00
3.966666666666666785e+00
3.983333333333333393e+00
4.000000000000000000e+00
4.016666666666666607e+00
4.033333333333333215e+00
4.049999999999999822e+00
4.066666666666666430e+00
4.083333333333333037e+00
4.099999999999999645e+00
4.116666666666666252e+00
4.133333333333332860e+00
4.150000000000000355e+00
4.166666666666666963e+00
4.183333333333333570e+00
4.200000000000000178e+00
4.216666666666666785e+00
4.233333333333333393e+00
4.250000000000000000e+00
4.266666666666666607e+00
4.283333333333333215e+00
4.299999999999999822e+00
4.316666666666666430e+00
4.333333333333333037e+00
4.349999999999999645e+00
4.366666666666666252e+00
4.383333333333332860e+00
4.400000000000000355e+00
4.416666666666666963e+00
4.433333333333333570e+00
4.450000000000000178e+00
4.466666666666666785e+00
4.483333333333333393e+00
4.500000000000000000e+00
4.516666666666666607e+00
4.533333333333333215e+00
4.549999999999999822e+00
4.566666666666666430e+00
4.583333333333333037e+00
4.599999999999999645e+00
4.616666666666666252e+00
4.633333333333332860e+00
4.650000000000000355e+00
4.666666666666666963e+00
4.683333333333333570e+00
4.700000000000000178e+00
4.716666666666666785e+00
4.733333333333333393e+00
4.750000000000000000e+00
4.766666666666666607e+00
4.783333333333333215e+00
4.799999999999999822e+00
4.816666666666666430e+00
4.833333333333333037e+00
4.849999999999999645e+00
4.866666666666666252e+00
4.883333333333332860e+00
4.900000000000000355e+00
4.916666666666666963e+00
4.933333333333333570e+00
4.950000000000000178e+00
4.966666666666666785e+00
4.983333333333333393e+00
