-5.000000000000000000e+01
-4.966666666666666430e+01
-4.933333333333332860e+01
-4.899999999999999289e+01
-4.866666666666665719e+01
-4.833333333333332149e+01
-4.799999999999998579e+01
-4.766666666666665009e+01
-4.733333333333331439e+01
-4.699999999999997868e+01
-4.666666666666664298e+01
-4.633333333333330728e+01
-4.599999999999997158e+01
-4.566666666666663588e+01
-4.533333333333330017e+01
-4.499999999999996447e+01
-4.466666666666662877e+01
-4.433333333333329307e+01
-4.399999999999995737e+01
-4.366666666666662167e+01
-4.333333333333328596e+01
-4.299999999999995026e+01
-4.266666666666661456e+01
-4.233333333333327886e+01
-4.199999999999994316e+01
-4.166666666666660745e+01
-4.133333333333327175e+01
-4.099999999999993605e+01
-4.066666666666660035e+01
-4.033333333333326465e+01
-3.999999999999992895e+01
-3.966666666666659324e+01
-3.933333333333325754e+01
-3.899999999999992184e+01
-3.866666666666658614e+01
-3.833333333333325044e+01
-3.799999999999991473e+01
-3.766666666666657903e+01
-3.733333333333324333e+01
-3.699999999999990763e+01
-3.666666666666657193e+01
-3.633333333333323623e+01
-3.599999999999990052e+01
-3.566666666666656482e+01
-3.533333333333322912e+01
-3.499999999999989342e+01
-3.466666666666655772e+01
-3.433333333333322201e+01
-3.399999999999988631e+01
-3.366666666666655061e+01
-3.333333333333321491e+01
-3.299999999999987921e+01
-3.266666666666654351e+01
-3.233333333333320780e+01
-3.199999999999987210e+01
-3.166666666666653640e+01
-3.133333333333320070e+01
-3.099999999999986500e+01
-3.066666666666652930e+01
-3.033333333333319359e+01
-2.999999999999985789e+01
-2.966666666666652219e+01
-2.933333333333318649e+01
-2.899999999999985079e+01
-2.866666666666651508e+01
-2.833333333333317938e+01
-2.799999999999984368e+01
-2.766666666666650798e+01
-2.733333333333317228e+01
-2.699999999999983658e+01
-2.666666666666650087e+01
-2.633333333333316517e+01
-2.599999999999982947e+01
-2.566666666666649377e+01
-2.533333333333315807e+01
-2.499999999999982236e+01
-2.466666666666648666e+01
-2.433333333333315096e+01
-2.399999999999981526e+01
-2.366666666666647956e+01
-2.333333333333314386e+01
-2.299999999999980815e+01
-2.266666666666647245e+01
-2.233333333333313675e+01
-2.199999999999980105e+01
-2.166666666666646535e+01
-2.133333333333312964e+01
-2.099999999999979394e+01
-2.066666666666645824e+01
-2.033333333333312254e+01
-1.999999999999978684e+01
-1.966666666666645114e+01
-1.933333333333311543e+01
-1.899999999999977973e+01
-1.866666666666644403e+01
-1.833333333333310833e+01
-1.799999999999977263e+01
-1.766666666666643692e+01
-1.733333333333310122e+01
-1.699999999999976552e+01
-1.666666666666642982e+01
-1.633333333333309412e+01
-1.599999999999975842e+01
-1.566666666666642271e+01
-1.533333333333308701e+01
-1.499999999999975131e+01
-1.466666666666641561e+01
-1.433333333333307991e+01
-1.399999999999974420e+01
-1.366666666666640850e+01
-1.333333333333307280e+01
-1.299999999999973710e+01
-1.266666666666640140e+01
-1.233333333333306570e+01
-1.199999999999972999e+01
-1.166666666666639429e+01
-1.133333333333305859e+01
-1.099999999999972289e+01
-1.066666666666638719e+01
-1.033333333333305148e+01
-9.999999999999715783e+00
-9.666666666666380081e+00
-9.333333333333044379e+00
-8.999999999999708677e+00
-8.666666666666372976e+00
-8.333333333333037274e+00
-7.999999999999701572e+00
-7.666666666666365870e+00
-7.333333333333030168e+00
-6.999999999999694467e+00
-6.666666666666358765e+00
-6.333333333333023063e+00
-5.999999999999687361e+00
-5.666666666666351659e+00
-5.333333333333015958e+00
-4.999999999999680256e+00
-4.666666666666344554e+00
-4.333333333333008852e+00
-3.999999999999673150e+00
-3.666666666666337449e+00
-3.333333333333001747e+00
-2.999999999999666045e+00
-2.666666666666330343e+00
-2.333333333332994641e+00
-1.999999999999658939e+00
-1.666666666666323238e+00
-1.333333333332987536e+00
-9.999999999996518341e-01
-6.666666666663161323e-01
-3.333333333329804304e-01
3.552713678800500929e-13
3.333333333336909732e-01
6.666666666670266750e-01
1.000000000000362377e+00
1.333333333333698079e+00
1.666666666667033780e+00
2.000000000000369482e+00
2.333333333333705184e+00
2.666666666667040886e+00
3.000000000000376588e+00
3.333333333333712289e+00
3.666666666667047991e+00
4.000000000000383693e+00
4.333333333333719395e+00
4.666666666667055097e+00
5.000000000000390799e+00
5.333333333333726500e+00
5.666666666667062202e+00
6.000000000000397904e+00
6.333333333333733606e+00
6.666666666667069308e+00
7.000000000000405009e+00
7.333333333333740711e+00
7.666666666667076413e+00
8.000000000000412115e+00
8.333333333333747817e+00
8.666666666667083518e+00
9.000000000000419220e+00
9.333333333333754922e+00
9.666666666667090624e+00
1.000000000000042633e+01
1.033333333333376203e+01
1.066666666666709773e+01
1.100000000000043343e+01
1.133333333333376913e+01
1.166666666666710483e+01
1.200000000000044054e+01
1.233333333333377624e+01
1.266666666666711194e+01
1.300000000000044764e+01
1.333333333333378334e+01
1.366666666666711905e+01
1.400000000000045475e+01
1.433333333333379755e+01
1.466666666666712615e+01
1.500000000000045475e+01
1.533333333333379755e+01
1.566666666666714036e+01
1.600000000000046896e+01
1.633333333333379755e+01
1.666666666666714036e+01
1.700000000000048317e+01
1.733333333333381177e+01
1.766666666666714036e+01
1.800000000000048317e+01
1.833333333333382598e+01
1.866666666666715457e+01
1.900000000000048317e+01
1.933333333333382598e+01
1.966666666666716878e+01
2.000000000000049738e+01
2.033333333333382598e+01
2.066666666666716878e+01
2.100000000000051159e+01
2.133333333333384019e+01
2.166666666666716878e+01
2.200000000000051159e+01
2.233333333333385440e+01
2.266666666666718299e+01
2.300000000000051159e+01
2.333333333333385440e+01
2.366666666666719721e+01
2.400000000000052580e+01
2.433333333333385440e+01
2.466666666666719721e+01
2.500000000000054001e+01
2.533333333333386861e+01
2.566666666666719721e+01
2.600000000000054001e+01
2.633333333333388282e+01
2.666666666666721142e+01
2.700000000000054001e+01
2.733333333333388282e+01
2.766666666666722563e+01
2.800000000000055422e+01
2.833333333333388282e+01
2.866666666666722563e+01
2.900000000000056843e+01
2.933333333333389703e+01
2.966666666666722563e+01
3.000000000000056843e+01
3.033333333333391124e+01
3.066666666666723984e+01
3.100000000000056843e+01
3.133333333333391124e+01
3.166666666666725405e+01
3.200000000000058265e+01
3.233333333333391124e+01
3.266666666666725405e+01
3.300000000000059686e+01
3.333333333333392545e+01
3.366666666666725405e+01
3.400000000000059686e+01
3.433333333333393966e+01
3.466666666666726826e+01
3.500000000000059686e+01
3.533333333333393966e+01
3.566666666666728247e+01
3.600000000000061107e+01
3.633333333333393966e+01
3.666666666666728247e+01
3.700000000000062528e+01
3.733333333333395387e+01
3.766666666666728247e+01
3.800000000000062528e+01
3.833333333333396808e+01
3.866666666666729668e+01
3.900000000000062528e+01
3.933333333333396808e+01
3.966666666666731089e+01
4.000000000000063949e+01
4.033333333333396808e+01
4.066666666666731089e+01
4.100000000000065370e+01
4.133333333333398230e+01
4.166666666666731089e+01
4.200000000000065370e+01
4.233333333333399651e+01
4.266666666666732510e+01
4.300000000000065370e+01
4.333333333333399651e+01
4.366666666666733931e+01
4.400000000000066791e+01
4.433333333333399651e+01
4.466666666666733931e+01
4.500000000000068212e+01
4.533333333333401072e+01
4.566666666666733931e+01
4.600000000000068212e+01
4.633333333333402493e+01
4.666666666666735352e+01
4.700000000000068212e+01
4.733333333333402493e+01
4.766666666666736774e+01
4.800000000000069633e+01
4.833333333333402493e+01
4.866666666666736774e+01
4.900000000000071054e+01
4.933333333333403914e+01
4.966666666666736774e+01
