0.000000000000000000e+00
5.235987755982988122e-03
1.047197551196597624e-02
1.570796326794896350e-02
2.094395102393195249e-02
2.617993877991494148e-02
3.141592653589792700e-02
3.665191429188091599e-02
4.188790204786390498e-02
4.712388980384689396e-02
5.235987755982988295e-02
5.759586531581287194e-02
6.283185307179585399e-02
6.806784082777884992e-02
7.330382858376183197e-02
7.853981633974482790e-02
8.377580409572780995e-02
8.901179185171079200e-02
9.424777960769378793e-02
9.948376736367676998e-02
1.047197551196597659e-01
1.099557428756427480e-01
1.151917306316257439e-01
1.204277183876087259e-01
1.256637061435917080e-01
1.308996938995747039e-01
1.361356816555576998e-01
1.413716694115406680e-01
1.466076571675236639e-01
1.518436449235066599e-01
1.570796326794896558e-01
1.623156204354726240e-01
1.675516081914556199e-01
1.727875959474386158e-01
1.780235837034215840e-01
1.832595714594045799e-01
1.884955592153875759e-01
1.937315469713705718e-01
1.989675347273535400e-01
2.042035224833365359e-01
2.094395102393195318e-01
2.146754979953025000e-01
2.199114857512854959e-01
2.251474735072684918e-01
2.303834612632514878e-01
2.356194490192344559e-01
2.408554367752174519e-01
2.460914245312004478e-01
2.513274122871834160e-01
2.565634000431664119e-01
2.617993877991494078e-01
2.670353755551324038e-01
2.722713633111153997e-01
2.775073510670983956e-01
2.827433388230813360e-01
2.879793265790643320e-01
2.932153143350473279e-01
2.984513020910303238e-01
3.036872898470133197e-01
3.089232776029963157e-01
3.141592653589793116e-01
3.193952531149622520e-01
3.246312408709452479e-01
3.298672286269282439e-01
3.351032163829112398e-01
3.403392041388942357e-01
3.455751918948772317e-01
3.508111796508602276e-01
3.560471674068431680e-01
3.612831551628261639e-01
3.665191429188091599e-01
3.717551306747921558e-01
3.769911184307751517e-01
3.822271061867581476e-01
3.874630939427411436e-01
3.926990816987240840e-01
3.979350694547070799e-01
4.031710572106900758e-01
4.084070449666730718e-01
4.136430327226560677e-01
4.188790204786390636e-01
4.241150082346220596e-01
4.293509959906050000e-01
4.345869837465879959e-01
4.398229715025709918e-01
4.450589592585539878e-01
4.502949470145369837e-01
4.555309347705199796e-01
4.607669225265029755e-01
4.660029102824859160e-01
4.712388980384689119e-01
4.764748857944519078e-01
4.817108735504349037e-01
4.869468613064178997e-01
4.921828490624008956e-01
4.974188368183838915e-01
5.026548245743668319e-01
5.078908123303498279e-01
5.131268000863328238e-01
5.183627878423158197e-01
5.235987755982988157e-01
5.288347633542818116e-01
5.340707511102648075e-01
5.393067388662478034e-01
5.445427266222307994e-01
5.497787143782137953e-01
5.550147021341967912e-01
5.602506898901796761e-01
5.654866776461626721e-01
5.707226654021456680e-01
5.759586531581286639e-01
5.811946409141116598e-01
5.864306286700946558e-01
5.916666164260776517e-01
5.969026041820606476e-01
6.021385919380436436e-01
6.073745796940266395e-01
6.126105674500096354e-01
6.178465552059926313e-01
6.230825429619756273e-01
6.283185307179586232e-01
6.335545184739415081e-01
6.387905062299245040e-01
6.440264939859075000e-01
6.492624817418904959e-01
6.544984694978734918e-01
6.597344572538564877e-01
6.649704450098394837e-01
6.702064327658224796e-01
6.754424205218054755e-01
6.806784082777884715e-01
6.859143960337714674e-01
6.911503837897544633e-01
6.963863715457374592e-01
7.016223593017204552e-01
7.068583470577034511e-01
7.120943348136863360e-01
7.173303225696693319e-01
7.225663103256523279e-01
7.278022980816353238e-01
7.330382858376183197e-01
7.382742735936013156e-01
7.435102613495843116e-01
7.487462491055673075e-01
7.539822368615503034e-01
7.592182246175332994e-01
7.644542123735162953e-01
7.696902001294992912e-01
7.749261878854822871e-01
7.801621756414652831e-01
7.853981633974481680e-01
7.906341511534311639e-01
7.958701389094141598e-01
8.011061266653971558e-01
8.063421144213801517e-01
8.115781021773631476e-01
8.168140899333461435e-01
8.220500776893291395e-01
8.272860654453121354e-01
8.325220532012951313e-01
8.377580409572781273e-01
8.429940287132611232e-01
8.482300164692441191e-01
8.534660042252271150e-01
8.587019919812099999e-01
8.639379797371929959e-01
8.691739674931759918e-01
8.744099552491589877e-01
8.796459430051419837e-01
8.848819307611249796e-01
8.901179185171079755e-01
8.953539062730909714e-01
9.005898940290739674e-01
9.058258817850569633e-01
9.110618695410399592e-01
9.162978572970229552e-01
9.215338450530059511e-01
9.267698328089889470e-01
9.320058205649718319e-01
9.372418083209548278e-01
9.424777960769378238e-01
9.477137838329208197e-01
9.529497715889038156e-01
9.581857593448868116e-01
9.634217471008698075e-01
9.686577348568528034e-01
9.738937226128357993e-01
9.791297103688187953e-01
9.843656981248017912e-01
9.896016858807847871e-01
9.948376736367677831e-01
1.000073661392750779e+00
1.005309649148733664e+00
1.010545636904716771e+00
1.015781624660699656e+00
1.021017612416682763e+00
1.026253600172665648e+00
1.031489587928648755e+00
1.036725575684631639e+00
1.041961563440614746e+00
1.047197551196597631e+00
1.052433538952580516e+00
1.057669526708563623e+00
1.062905514464546508e+00
1.068141502220529615e+00
1.073377489976512500e+00
1.078613477732495607e+00
1.083849465488478492e+00
1.089085453244461599e+00
1.094321441000444484e+00
1.099557428756427591e+00
1.104793416512410476e+00
1.110029404268393582e+00
1.115265392024376467e+00
1.120501379780359352e+00
1.125737367536342459e+00
1.130973355292325344e+00
1.136209343048308451e+00
1.141445330804291336e+00
1.146681318560274443e+00
1.151917306316257328e+00
1.157153294072240435e+00
1.162389281828223320e+00
1.167625269584206427e+00
1.172861257340189312e+00
1.178097245096172418e+00
1.183333232852155303e+00
1.188569220608138410e+00
1.193805208364121295e+00
1.199041196120104180e+00
1.204277183876087287e+00
1.209513171632070172e+00
1.214749159388053279e+00
1.219985147144036164e+00
1.225221134900019271e+00
1.230457122656002156e+00
1.235693110411985263e+00
1.240929098167968148e+00
1.246165085923951255e+00
1.251401073679934139e+00
1.256637061435917246e+00
1.261873049191900131e+00
1.267109036947883016e+00
1.272345024703866123e+00
1.277581012459849008e+00
1.282817000215832115e+00
1.288052987971815000e+00
1.293288975727798107e+00
1.298524963483780992e+00
1.303760951239764099e+00
1.308996938995746984e+00
1.314232926751730091e+00
1.319468914507712975e+00
1.324704902263696082e+00
1.329940890019678967e+00
1.335176877775662074e+00
1.340412865531644959e+00
1.345648853287627844e+00
1.350884841043610951e+00
1.356120828799593836e+00
1.361356816555576943e+00
1.366592804311559828e+00
1.371828792067542935e+00
1.377064779823525820e+00
1.382300767579508927e+00
1.387536755335491812e+00
1.392772743091474918e+00
1.398008730847457803e+00
1.403244718603440910e+00
1.408480706359423795e+00
1.413716694115406902e+00
1.418952681871389787e+00
1.424188669627372672e+00
1.429424657383355779e+00
1.434660645139338664e+00
1.439896632895321771e+00
1.445132620651304656e+00
1.450368608407287763e+00
1.455604596163270648e+00
1.460840583919253755e+00
1.466076571675236639e+00
1.471312559431219746e+00
1.476548547187202631e+00
1.481784534943185738e+00
1.487020522699168623e+00
1.492256510455151508e+00
1.497492498211134615e+00
1.502728485967117500e+00
1.507964473723100607e+00
1.513200461479083492e+00
1.518436449235066599e+00
1.523672436991049484e+00
1.528908424747032591e+00
1.534144412503015475e+00
1.539380400258998582e+00
1.544616388014981467e+00
1.549852375770964574e+00
1.555088363526947459e+00
1.560324351282930566e+00
1.565560339038913451e+00
