-4.999999999999857891e+00
-4.833333333333190041e+00
-4.666666666666522190e+00
-4.499999999999854339e+00
-4.333333333333186488e+00
-4.166666666666518637e+00
-3.999999999999850786e+00
-3.833333333333182935e+00
-3.666666666666515084e+00
-3.499999999999847233e+00
-3.333333333333179382e+00
-3.166666666666511532e+00
-2.999999999999843681e+00
-2.833333333333175830e+00
-2.666666666666507979e+00
-2.499999999999840128e+00
-2.333333333333172277e+00
-2.166666666666504426e+00
-1.999999999999836575e+00
-1.833333333333168724e+00
-1.666666666666500873e+00
-1.499999999999833022e+00
-1.333333333333165172e+00
-1.166666666666497321e+00
-9.999999999998294697e-01
-8.333333333331616188e-01
-6.666666666664937679e-01
-4.999999999998259170e-01
-3.333333333331580661e-01
-1.666666666664902152e-01
1.776356839400250465e-13
1.666666666668454866e-01
3.333333333335133375e-01
5.000000000001811884e-01
6.666666666668490393e-01
8.333333333335168902e-01
1.000000000000184741e+00
1.166666666666852592e+00
1.333333333333520443e+00
1.500000000000188294e+00
1.666666666666856145e+00
1.833333333333523996e+00
2.000000000000191847e+00
2.166666666666859697e+00
2.333333333333527548e+00
2.500000000000195399e+00
2.666666666666863250e+00
2.833333333333531101e+00
3.000000000000198952e+00
3.166666666666866803e+00
3.333333333333534654e+00
3.500000000000202505e+00
3.666666666666870356e+00
3.833333333333538206e+00
4.000000000000206057e+00
4.166666666666873908e+00
4.333333333333541759e+00
4.500000000000209610e+00
4.666666666666877461e+00
4.833333333333545312e+00
5.000000000000213163e+00
